935904
453172
204883
956157
431566
765861
455174
587303
155413
954307
431913
832111
493000
822025
588807
550359
835780
242700
751432
847351
418675
781318
763492
158128
265003
627100
355310
277517
244392
188179
661132
331703
432310
146965
814030
279287
431119
615926
160779
559981
454499
461098
308701
317426
226822
336355
398465
875912
364271
791311
889641
622974
208148
315115
883204
246386
415901
722138
986627
854323
371880
614289
334110
224801
519888
881396
532318
607470
299782
586745
615241
900370
364873
848858
860136
279725
248106
533334
316632
888078
561440
179900
163072
768004
519501
950770
292609
326464
476849
334860
189379
284851
487696
618278
614517
919335
283906
544303
675244
758318
852692
341828
577204
467736
559647
375337
463831
526190
653459
238782
480518
959701
268071
939694
930208
630473
531706
878748
940030
448664
686898
615007
965518
307066
204761
931073
276209
142339
656448
140990
312683
133300
337116
522816
415505
477825
857338
811976
251207
167539
896249
468272
672807
551103
674462
896379
100217
381128
581042
887629
365763
323782
425279
667849
413394
818581
954951
961106
503874
239514
245088
943409
888882
607693
192759
291643
566515
877519
211264
282646
981043
713228
368160
959797
314121
884129
890928
569545
752477
831407
358656
919584
764233
810603
109708
621576
820598
381629
678354
616333
134325
864646
903284
673726
789276
285898
560818
556604
644945
996545
655249
983928
175755
531872
483423
219850
272684
208960
822016
825768
260362
563353
394178
541200
532859
584473
825127
600543
589467
538035
593102
733286
605870
643120
249032
897426
691197
942322
961173
486249
739037
434911
958556
463748
914992
580185
166406
309849
233998
140504
817763
298270
356544
176472
756132
183923
418067
368815
434522
470688
132013
418302
485411
844777
733264
343796
511661
986555
416833
730133
409308
894609
327541
236476
179984
199493
110570
487379
402972
575785
629962
460610
919445
958807
917242
236341
806410
297120
616472
703475
975531
595180
738268
830644
179385
679863
232058
989466
578399
778765
216355
658761
778191
289638
189577
516745
550093
800833
503041
391985
236401
277760
557357
287344
804357
187735
355318
800990
656537
783274
460890
868328
426204
314116
967501
898879
955993
719571
109871
526182
172662
320061
299965
813563
878532
712784
236722
848055
549307
746762
906641
485480
269288
511353
909273
186583
696177
228270
826580
842028
727027
433417
507675
419580
448120
778200
451900
509595
134512
979079
454674
207008
586362
802419
223907
615759
737723
159792
236200
559889
412778
327852
533137
934557
228501
379287
129716
314953
662505
422941
868111
125496
780978
327732
237309
456863
405086
552063
678627
199247
513436
345668
179424
319836
682163
574254
980074
303079
580960
750022
805311
512183
552386
653017
101092
745753
728067
390255
718689
430080
849423
694446
218749
425746
183676
103216
655708
824395
635612
213709
506776
910862
302587
954299
144229
587875
834221
421462
848469
297633
526291
263324
178332
118084
550841
186432
673650
334001
442889
845632
944528
231295
132673
290631
779713
361492
518784
236365
606217
945310
831437
620082
839490
117758
190598
934344
921903
270272
309859
218219
948977
712054
255924
176051
498250
886793
124240
314445
491740
900832
981866
788051
102235
963245
643662
131082
772359
389902
921676
905726
497332
211811
172560
205036
151796
106986
558865
404766
241759
973997
987183
502155
220539
424631
485285
287474
550414
745427
292403
830545
143115
506804
585705
707835
264997
634857
381179
732729
428262
529517
750531
765238
799367
153275
861258
648352
948459
744583
328163
356707
588246
991659
613465
760512
264023
523473
200682
412216
849448
429487
939790
136858
594669
901793
553588
485502
523300
792963
683739
248427
244187
519208
186693
444657
588080
283396
557380
225507
698042
817219
579589
434425
398257
400103
323691
964069
936800
951849
808791
477962
338790
414881
628731
631652
871050
229500
513467
739568
640133
819961
767870
990289
865604
933484
412793
801444
803995
374243
144370
277372
438480
480872
428219
785812
265715
341355
253721
484563
304665
271351
976612
121007
952024
598494
174733
508334
279519
378185
854835
821720
516740
241531
607311
767973
552235
305074
503059
693189
131614
552639
193283
478596
538813
112888
705069
293005
425027
603419
512021
496685
731228
744933
351943
190319
757626
584557
432135
130983
113698
375906
416575
545607
273773
552871
713990
549920
705463
789550
878435
815876
387395
702893
381501
255458
486464
191077
378703
852602
182347
139127
326100
131407
508481
125378
748887
888258
187365
138094
179237
636019
392038
977980
253695
272413
483936
739888
386403
632114
904203
969085
299177
503723
566105
488378
908070
564763
801523
983387
606745
383684
438387
290259
813077
881135
979177
548905
499417
594424
233458
432024
300112
406964
929307
367515
994213
622884
993153
810781
740155
656493
456132
922548
607245
372350
723191
603402
991948
733845
342336
637199
260362
503701
302037
397669
952048
964072
898444
593107
440363
543877
755906
910135
788854
708222
752380
507401
958922
967334
724108
440581
811710
196940
910092
153470
195430
559411
429951
922356
535292
906818
305921
924629
130429
956233
100649
524250
992518
461447
810595
608832
595482
247553
813002
350664
749600
424372
629935
337832
478527
123109
386354
184744
398191
107083
129986
735489
944465
982422
515023
249495
926091
519048
834888
172074
485318
257102
332321
642956
888144
321677
448862
254006
591753
290120
791147
411852
192634
549413
624772
867403
221795
750489
466936
770112
148052
647434
573218
855612
383413
839942
975805
171750
394430
480339
716876
472928
872500
542142
104035
693284
730506
285107
344783
540730
710299
423998
136207
529684
572377
713478
438756
328736
927910
579463
602360
893324
963258
739859
332080
380779
698163
740426
573276
818060
206827
929967
702703
987683
124561
625078
913095
709448
295156
241507
239753
239617
369381
212262
771138
989834
641762
463797
202144
947346
542611
434809
853671
256290
565136
691659
588030
785125
326744
847459
209662
436089
224120
229829
216595
916594
861167
408137
906645
297819
605696
476077
238268
307274
723960
470034
683936
221051
375862
812263
274208
160604
610318
580217
922937
629080
191495
730783
906195
407404
651744
592420
377567
870378
734092
257054
573114
649433
464148
348791
441922
840904
856472
843921
589838
669114
195860
981808
286762
179684
902662
237739
750672
509506
215197
940630
750965
653944
322530
529310
405238
713654
484024
584997
391653
660561
530893
233516
161615
373492
107798
402008
824196
928324
533519
227479
276366
748851
503922
378988
151102
552595
591645
822932
743537
273793
442937
406328
959544
876232
103218
305300
427706
678934
523750
228666
502118
880898
888209
311440
499142
395288
632823
916617
550779
308174
394687
979251
636183
310546
652648
126076
106474
844910
356198
545861
602399
988274
850586
891555
285895
982024
896231
501674
286921
240293
144204
434254
777347
140591
494922
532014
809170
461591
130922
705828
621493
286281
422197